image: 21f.png
resolution: 0.050000
origin: [-11.000001, -50.000000, 90.000000]
negate: 0
occupied_thresh: 0.65
free_thresh: 0.196

