image: map1.png
resolution: 0.050000
origin: [-10.000000, -10.000000, 0.000000]