image: map2.png
resolution: 0.188667
origin: [-20.000000, -20.000000, 0.000000]